model: emnist_classifier
accuracy: 0.9532692432403564
precision: 0.9533035272888252
recall: 0.9532692307692308
f1_score: 0.9532305864080104
confusion_matrix: [[780, 0, 1, 3, 0, 1, 3, 2, 0, 0, 0, 0, 1, 2, 0, 0, 3, 1, 0, 0, 2, 0, 0, 0, 1, 0], [0, 789, 0, 0, 1, 0, 0, 3, 0, 0, 1, 1, 0, 1, 0, 0, 0, 1, 0, 0, 1, 0, 0, 0, 0, 2], [0, 0, 785, 0, 8, 0, 1, 0, 0, 0, 0, 1, 0, 0, 0, 0, 0, 1, 0, 1, 3, 0, 0, 0, 0, 0], [1, 1, 0, 775, 0, 0, 0, 0, 0, 0, 0, 0, 0, 1, 20, 1, 1, 0, 0, 0, 0, 0, 0, 0, 0, 0], [1, 0, 3, 0, 790, 1, 0, 0, 1, 0, 0, 2, 0, 0, 0, 1, 0, 0, 0, 1, 0, 0, 0, 0, 0, 0], [0, 0, 0, 0, 2, 782, 3, 0, 0, 0, 1, 0, 0, 0, 0, 2, 0, 1, 0, 9, 0, 0, 0, 0, 0, 0], [9, 1, 3, 1, 1, 2, 684, 1, 0, 2, 0, 0, 0, 1, 1, 1, 89, 0, 3, 0, 0, 0, 0, 0, 1, 0], [2, 1, 0, 0, 0, 0, 0, 775, 0, 0, 2, 3, 0, 13, 0, 0, 0, 0, 0, 0, 2, 0, 0, 2, 0, 0], [0, 0, 1, 0, 2, 0, 0, 1, 611, 11, 0, 170, 0, 0, 1, 0, 0, 1, 0, 0, 0, 1, 0, 0, 0, 1], [0, 0, 0, 3, 0, 2, 1, 0, 21, 762, 0, 2, 0, 0, 0, 0, 0, 0, 1, 4, 1, 1, 0, 1, 1, 0], [0, 2, 0, 0, 1, 0, 0, 1, 0, 0, 790, 1, 0, 0, 0, 0, 0, 1, 0, 1, 0, 0, 0, 3, 0, 0], [0, 1, 5, 0, 0, 0, 0, 4, 180, 1, 0, 606, 0, 0, 1, 0, 1, 1, 0, 0, 0, 0, 0, 0, 0, 0], [1, 0, 0, 0, 0, 0, 0, 1, 0, 0, 1, 0, 795, 1, 0, 0, 0, 0, 0, 0, 0, 0, 1, 0, 0, 0], [1, 0, 0, 0, 0, 0, 0, 8, 0, 0, 0, 0, 4, 778, 0, 0, 0, 3, 0, 0, 1, 1, 2, 2, 0, 0], [4, 0, 1, 7, 0, 0, 0, 0, 0, 0, 0, 0, 0, 1, 785, 0, 0, 0, 0, 0, 2, 0, 0, 0, 0, 0], [0, 0, 0, 4, 1, 0, 0, 0, 0, 0, 0, 0, 0, 0, 1, 794, 0, 0, 0, 0, 0, 0, 0, 0, 0, 0], [17, 0, 0, 0, 3, 2, 56, 0, 1, 0, 0, 2, 0, 0, 1, 0, 716, 0, 0, 0, 1, 0, 0, 0, 1, 0], [2, 1, 1, 0, 0, 0, 0, 0, 1, 0, 0, 0, 0, 3, 0, 0, 0, 781, 0, 0, 0, 7, 0, 0, 3, 1], [1, 1, 0, 0, 0, 0, 3, 0, 0, 4, 0, 0, 0, 1, 0, 0, 0, 0, 790, 0, 0, 0, 0, 0, 0, 0], [1, 1, 0, 0, 0, 2, 0, 0, 0, 0, 2, 0, 0, 0, 1, 0, 0, 1, 0, 788, 0, 0, 0, 1, 1, 2], [1, 0, 0, 0, 0, 0, 0, 0, 0, 1, 0, 1, 0, 2, 0, 0, 0, 0, 1, 0, 765, 24, 1, 0, 4, 0], [0, 0, 0, 0, 0, 0, 0, 0, 1, 1, 0, 0, 0, 1, 0, 0, 1, 3, 0, 0, 27, 753, 1, 1, 11, 0], [0, 0, 0, 0, 0, 0, 1, 2, 0, 1, 0, 0, 2, 1, 0, 0, 0, 0, 0, 0, 2, 0, 791, 0, 0, 0], [0, 0, 0, 0, 0, 1, 0, 0, 0, 0, 2, 0, 1, 1, 0, 0, 0, 0, 0, 1, 0, 0, 0, 788, 6, 0], [0, 0, 0, 1, 0, 0, 2, 0, 0, 1, 0, 0, 0, 0, 0, 0, 1, 2, 0, 3, 0, 3, 0, 9, 778, 0], [0, 0, 0, 0, 0, 0, 1, 0, 2, 0, 0, 0, 0, 0, 0, 0, 0, 0, 0, 0, 0, 0, 0, 0, 0, 797]]
----
