model: emnist_classifier
accuracy: 0.9191827178001404
precision: 0.920253061259218
recall: 0.9191826923076923
f1_score: 0.9194430507426782
confusion_matrix: [[731, 5, 2, 6, 0, 1, 10, 2, 0, 0, 1, 0, 0, 3, 8, 5, 18, 0, 0, 1, 2, 0, 0, 1, 0, 4], [2, 761, 0, 3, 1, 0, 7, 9, 0, 0, 0, 4, 1, 1, 1, 0, 1, 3, 1, 0, 1, 0, 0, 0, 0, 4], [1, 2, 746, 2, 24, 0, 2, 0, 1, 0, 0, 7, 0, 0, 5, 0, 0, 3, 1, 0, 2, 1, 1, 1, 0, 1], [4, 3, 0, 743, 0, 0, 2, 1, 0, 3, 2, 0, 0, 3, 34, 4, 1, 0, 0, 0, 0, 0, 0, 0, 0, 0], [5, 1, 8, 0, 764, 3, 3, 0, 1, 1, 0, 2, 0, 0, 2, 3, 0, 3, 2, 1, 1, 0, 0, 0, 0, 0], [0, 0, 0, 1, 2, 744, 4, 0, 2, 0, 0, 1, 0, 0, 0, 23, 1, 5, 1, 15, 0, 0, 0, 0, 0, 1], [15, 10, 3, 2, 0, 5, 627, 0, 0, 3, 0, 0, 0, 1, 1, 1, 127, 1, 2, 0, 0, 0, 0, 0, 2, 0], [4, 5, 0, 2, 1, 0, 0, 745, 1, 0, 4, 10, 4, 18, 0, 0, 0, 0, 0, 0, 1, 0, 3, 1, 0, 1], [0, 0, 1, 2, 1, 2, 1, 0, 593, 3, 0, 190, 0, 0, 1, 0, 0, 0, 2, 1, 0, 2, 0, 0, 0, 1], [0, 2, 0, 9, 0, 1, 5, 1, 31, 722, 0, 6, 0, 0, 0, 0, 4, 0, 7, 9, 0, 1, 0, 0, 2, 0], [3, 2, 3, 0, 1, 3, 0, 12, 0, 1, 735, 7, 1, 2, 0, 0, 0, 5, 0, 6, 1, 1, 0, 15, 1, 1], [0, 0, 6, 0, 0, 1, 0, 5, 166, 0, 0, 614, 0, 1, 1, 0, 2, 0, 0, 1, 0, 1, 0, 0, 2, 0], [1, 0, 0, 1, 0, 0, 0, 3, 0, 0, 1, 0, 777, 11, 0, 1, 0, 0, 0, 1, 2, 0, 2, 0, 0, 0], [12, 0, 0, 1, 0, 0, 1, 15, 0, 4, 3, 0, 11, 741, 0, 0, 0, 4, 0, 0, 1, 1, 4, 1, 0, 1], [1, 0, 1, 10, 0, 0, 1, 0, 0, 0, 0, 0, 0, 0, 782, 1, 2, 0, 0, 0, 2, 0, 0, 0, 0, 0], [0, 1, 0, 8, 1, 1, 0, 1, 1, 0, 0, 0, 1, 0, 1, 783, 0, 2, 0, 0, 0, 0, 0, 0, 0, 0], [24, 2, 1, 4, 3, 1, 46, 0, 2, 1, 0, 0, 0, 1, 13, 4, 693, 1, 0, 2, 1, 0, 0, 0, 1, 0], [5, 1, 1, 0, 1, 3, 1, 0, 1, 0, 4, 1, 1, 1, 0, 1, 0, 753, 0, 4, 0, 10, 0, 5, 4, 3], [3, 2, 0, 0, 0, 1, 16, 1, 0, 9, 0, 0, 0, 1, 1, 0, 2, 0, 763, 0, 0, 0, 0, 1, 0, 0], [1, 1, 1, 2, 1, 2, 3, 0, 2, 1, 1, 2, 0, 0, 1, 0, 0, 3, 0, 773, 0, 0, 0, 2, 2, 2], [1, 0, 1, 2, 0, 0, 2, 2, 0, 3, 2, 1, 2, 2, 2, 0, 2, 1, 1, 0, 740, 30, 4, 0, 2, 0], [0, 0, 0, 2, 0, 0, 0, 0, 0, 1, 0, 2, 0, 0, 0, 1, 0, 8, 0, 1, 23, 750, 1, 3, 8, 0], [0, 0, 0, 0, 0, 0, 1, 2, 0, 1, 1, 0, 3, 13, 0, 0, 0, 0, 0, 0, 8, 2, 769, 0, 0, 0], [1, 0, 0, 0, 0, 1, 0, 3, 0, 1, 8, 2, 0, 0, 0, 0, 3, 2, 1, 1, 0, 3, 1, 762, 10, 1], [0, 1, 0, 1, 0, 1, 5, 2, 0, 7, 0, 2, 0, 0, 0, 2, 7, 4, 1, 5, 0, 17, 0, 10, 735, 0], [0, 1, 1, 1, 5, 0, 6, 1, 4, 0, 0, 0, 0, 0, 0, 0, 1, 2, 0, 1, 0, 0, 0, 4, 0, 773]]
----
